# N=25 REP=500 dy=0.001
# GRG
# esConnex p
0 0
0.1 0
0.15 0
0.175 0
0.1875 0
0.19375 0
0.195312 0
0.196094 0
0.196875 0.002
0.2 0.002
0.20625 0.002
0.207031 0.002
0.207813 0
0.208594 0.008
0.209375 0.01
0.210156 0.002
0.210938 0.002
0.211719 0.002
0.2125 0.004
0.214063 0.004
0.214844 0.01
0.215625 0.012
0.216406 0.012
0.217188 0.014
0.217969 0.012
0.21875 0.01
0.221875 0.01
0.222656 0.022
0.223438 0.016
0.225 0.016
0.225781 0.016
0.226562 0.036
0.227344 0.018
0.228125 0.028
0.228906 0.026
0.229688 0.014
0.230469 0.018
0.23125 0.026
0.232031 0.036
0.232813 0.048
0.234375 0.048
0.235156 0.024
0.235937 0.04
0.236719 0.062
0.2375 0.068
0.238281 0.052
0.239062 0.06
0.239844 0.074
0.240625 0.052
0.241406 0.086
0.242188 0.064
0.242969 0.094
0.24375 0.096
0.244531 0.09
0.245312 0.08
0.246094 0.082
0.246875 0.104
0.248438 0.104
0.249219 0.11
0.25 0.12
0.250781 0.122
0.251563 0.092
0.252344 0.138
0.253125 0.134
0.253906 0.124
0.254687 0.17
0.255469 0.188
0.25625 0.158
0.257031 0.156
0.257812 0.154
0.258594 0.19
0.259375 0.214
0.2625 0.214
0.263281 0.224
0.264062 0.196
0.264844 0.256
0.265625 0.194
0.266406 0.25
0.267188 0.256
0.267969 0.278
0.26875 0.266
0.275 0.266
0.275781 0.324
0.276563 0.306
0.277344 0.318
0.278125 0.308
0.278906 0.374
0.279687 0.32
0.280469 0.366
0.28125 0.36
0.282031 0.384
0.282813 0.356
0.283594 0.41
0.284375 0.398
0.285156 0.398
0.285937 0.43
0.286719 0.428
0.2875 0.414
0.288281 0.46
0.289062 0.456
0.289844 0.46
0.290625 0.506
0.291406 0.474
0.292187 0.436
0.292969 0.476
0.29375 0.486
0.294531 0.466
0.295312 0.484
0.296094 0.456
0.296875 0.508
0.297656 0.446
0.298438 0.576
0.299219 0.522
0.3 0.526
0.300781 0.556
0.301562 0.562
0.302344 0.538
0.303125 0.572
0.303906 0.524
0.304688 0.568
0.305469 0.564
0.30625 0.548
0.307031 0.584
0.307813 0.646
0.308594 0.612
0.309375 0.61
0.310156 0.632
0.310937 0.588
0.311719 0.586
0.3125 0.638
0.313281 0.618
0.314063 0.694
0.314844 0.632
0.315625 0.64
0.316406 0.6
0.317187 0.654
0.317969 0.676
0.31875 0.66
0.319531 0.668
0.320312 0.676
0.321094 0.706
0.321875 0.69
0.322656 0.736
0.323437 0.706
0.324219 0.736
0.325 0.732
0.326562 0.732
0.327344 0.752
0.328125 0.724
0.328906 0.734
0.329687 0.752
0.330469 0.76
0.33125 0.766
0.332031 0.75
0.332812 0.772
0.334375 0.772
0.335156 0.754
0.335938 0.788
0.336719 0.768
0.3375 0.796
0.339062 0.796
0.339844 0.786
0.340625 0.822
0.342187 0.822
0.342969 0.806
0.34375 0.816
0.344531 0.868
0.345313 0.82
0.346094 0.82
0.346875 0.81
0.347656 0.85
0.348437 0.85
0.349219 0.834
0.35 0.842
0.350781 0.856
0.351562 0.858
0.352344 0.834
0.353125 0.834
0.353906 0.858
0.354687 0.872
0.355469 0.84
0.35625 0.852
0.357031 0.892
0.357812 0.862
0.358594 0.882
0.359375 0.864
0.360156 0.882
0.360938 0.896
0.361719 0.878
0.3625 0.876
0.363281 0.916
0.364062 0.878
0.364844 0.902
0.365625 0.898
0.366406 0.908
0.367188 0.882
0.367969 0.92
0.36875 0.91
0.369531 0.914
0.370313 0.918
0.371094 0.884
0.371875 0.886
0.372656 0.926
0.373437 0.912
0.374219 0.936
0.375 0.906
0.375781 0.904
0.376563 0.938
0.377344 0.904
0.378125 0.926
0.379687 0.926
0.380469 0.94
0.38125 0.93
0.382031 0.934
0.382812 0.928
0.383594 0.944
0.384375 0.94
0.385156 0.922
0.385938 0.954
0.386719 0.936
0.3875 0.942
0.388281 0.93
0.389062 0.944
0.389844 0.96
0.390625 0.946
0.391406 0.942
0.392188 0.948
0.39375 0.948
0.394531 0.948
0.395313 0.95
0.396094 0.97
0.396875 0.932
0.397656 0.944
0.398438 0.962
0.399219 0.956
0.4 0.952
0.400781 0.946
0.401563 0.976
0.402344 0.982
0.403125 0.97
0.403906 0.968
0.404687 0.962
0.405469 0.97
0.40625 0.956
0.407031 0.96
0.407813 0.972
0.408594 0.97
0.409375 0.964
0.410156 0.964
0.410938 0.972
0.411719 0.968
0.4125 0.97
0.415625 0.97
0.416406 0.97
0.417188 0.972
0.417969 0.966
0.41875 0.982
0.419531 0.982
0.420313 0.976
0.421094 0.96
0.421875 0.96
0.422656 0.98
0.423438 0.986
0.424219 0.974
0.425 0.976
0.425781 0.966
0.426563 0.982
0.427344 0.972
0.428125 0.978
0.43125 0.978
0.432031 0.978
0.432813 0.982
0.433594 0.986
0.434375 0.986
0.4375 0.986
0.438281 0.982
0.439063 0.984
0.440625 0.984
0.44375 0.984
0.444531 0.986
0.445312 0.99
0.446094 0.99
0.446875 0.996
0.447656 0.99
0.448438 0.984
0.449219 0.994
0.45 0.994
0.450781 0.994
0.451562 0.986
0.453125 0.986
0.453906 0.992
0.454688 0.988
0.455469 0.992
0.45625 0.992
0.457031 0.99
0.457813 0.994
0.458594 0.996
0.459375 0.996
0.460156 0.99
0.460938 0.974
0.461719 0.994
0.4625 0.99
0.463281 0.98
0.464063 0.998
0.464844 0.99
0.465625 0.986
0.466406 0.992
0.467187 0.99
0.467969 0.998
0.46875 0.996
0.475 0.996
0.4875 0.996
0.488281 1
0.489062 1
0.489844 0.992
0.490625 0.992
0.491406 1
0.492188 0.996
0.492969 0.994
0.49375 0.998
0.494531 0.998
0.495313 0.996
0.496094 0.996
0.496875 1
0.5 1
0.6 1
0.7 1
0.8 1
0.9 1
1 1
